0.00164741, 0.00164741, 0.000933953, 0.000516344, 0.000278001, 0.000145599, 7.41493e-05, 3.67734e-05, 1.78652e-05, 8.63838e-06, 4.30781e-06, 2.35911e-06, 1.52143e-06, 1.17886e-06, 1.04627e-06, 9.98038e-07, 9.8177e-07, 9.76853e-07, 9.75695e-07, 9.75695e-07, 
0.00256025, 0.00256025, 0.00200936, 0.00128345, 0.000691093, 0.000335398, 0.000158055, 7.45301e-05, 3.49406e-05, 1.62167e-05, 7.55736e-06, 3.68819e-06, 2.03039e-06, 1.35337e-06, 1.09145e-06, 9.96174e-07, 9.64024e-07, 9.54296e-07, 9.51995e-07, 9.51995e-07, 
0.00412454, 0.00412454, 0.00288001, 0.00176015, 0.000948043, 0.000470549, 0.000226827, 0.000108273, 5.08805e-05, 2.34467e-05, 1.06922e-05, 4.97757e-06, 2.52546e-06, 1.52334e-06, 1.13549e-06, 9.94381e-07, 9.46741e-07, 9.32311e-07, 9.28886e-07, 9.28886e-07, 
0.0056394, 0.0056394, 0.00372479, 0.00222241, 0.00119697, 0.000601477, 0.000293504, 0.000141016, 6.63574e-05, 3.04704e-05, 1.37391e-05, 6.23149e-06, 3.00727e-06, 1.68887e-06, 1.17843e-06, 9.92656e-07, 9.29909e-07, 9.10885e-07, 9.06352e-07, 9.06352e-07, 
0.00710649, 0.00710649, 0.00454369, 0.00267067, 0.00143844, 0.000728529, 0.00035823, 0.000172813, 8.13933e-05, 3.72966e-05, 1.67016e-05, 7.45126e-06, 3.47622e-06, 1.85009e-06, 1.22029e-06, 9.90997e-07, 9.13517e-07, 8.90003e-07, 8.8438e-07, 8.8438e-07, 
0.00852725, 0.00852725, 0.00533751, 0.00310538, 0.00167269, 0.000851825, 0.000421067, 0.000203694, 9.6002e-05, 4.39317e-05, 1.95824e-05, 8.6379e-06, 3.93266e-06, 2.00711e-06, 1.26109e-06, 9.89402e-07, 8.97553e-07, 8.69651e-07, 8.62954e-07, 8.62954e-07, 
0.00990312, 0.00990312, 0.00610705, 0.00352694, 0.00189994, 0.000971478, 0.00048207, 0.000233686, 0.000110196, 5.03811e-05, 2.23837e-05, 9.79235e-06, 4.37694e-06, 2.16004e-06, 1.30087e-06, 9.87868e-07, 8.82006e-07, 8.49816e-07, 8.42062e-07, 8.42062e-07, 
0.0112355, 0.0112355, 0.00685304, 0.00393575, 0.0021204, 0.0010876, 0.000541295, 0.000262816, 0.000123987, 5.66501e-05, 2.51079e-05, 1.09155e-05, 4.80938e-06, 2.30898e-06, 1.33964e-06, 9.86393e-07, 8.66865e-07, 8.30484e-07, 8.2169e-07, 8.2169e-07, 
0.0125258, 0.0125258, 0.0075762, 0.0043322, 0.00233427, 0.00120029, 0.000598793, 0.000291107, 0.000137387, 6.27439e-05, 2.7757e-05, 1.20082e-05, 5.23032e-06, 2.45403e-06, 1.37744e-06, 9.84975e-07, 8.5212e-07, 8.11643e-07, 8.01825e-07, 8.01825e-07, 
0.0137753, 0.0137753, 0.00827724, 0.00471667, 0.00254174, 0.00130965, 0.000654616, 0.000318585, 0.000150408, 6.86675e-05, 3.03333e-05, 1.30713e-05, 5.64004e-06, 2.5953e-06, 1.41428e-06, 9.83612e-07, 8.37759e-07, 7.93281e-07, 7.82455e-07, 7.82455e-07, 
0.0149852, 0.0149852, 0.00895683, 0.00508951, 0.00274302, 0.00141579, 0.000708811, 0.000345274, 0.000163059, 7.44255e-05, 3.28386e-05, 1.41057e-05, 6.03886e-06, 2.73289e-06, 1.45019e-06, 9.82302e-07, 8.23774e-07, 7.75385e-07, 7.63567e-07, 7.63567e-07, 
0.016157, 0.016157, 0.00961563, 0.00545109, 0.00293828, 0.00151879, 0.000761428, 0.000371195, 0.000175351, 8.00227e-05, 3.52751e-05, 1.5112e-05, 6.42706e-06, 2.86689e-06, 1.4852e-06, 9.81044e-07, 8.10153e-07, 7.57943e-07, 7.4515e-07, 7.4515e-07, 
0.0172917, 0.0172917, 0.0102543, 0.00580173, 0.00312771, 0.00161875, 0.000812511, 0.00039637, 0.000187296, 8.54634e-05, 3.76444e-05, 1.6091e-05, 6.80493e-06, 2.9974e-06, 1.51932e-06, 9.79835e-07, 7.96889e-07, 7.40944e-07, 7.27191e-07, 7.27191e-07, 
0.0183905, 0.0183905, 0.0108734, 0.00614177, 0.00331148, 0.00171576, 0.000862106, 0.000420823, 0.000198901, 9.07522e-05, 3.99486e-05, 1.70436e-05, 7.17274e-06, 3.1245e-06, 1.55259e-06, 9.78674e-07, 7.83971e-07, 7.24377e-07, 7.09679e-07, 7.09679e-07, 
0.0194546, 0.0194546, 0.0114735, 0.00647153, 0.00348975, 0.0018099, 0.000910255, 0.000444572, 0.000210178, 9.58933e-05, 4.21894e-05, 1.79703e-05, 7.53076e-06, 3.24829e-06, 1.58501e-06, 9.77558e-07, 7.7139e-07, 7.0823e-07, 6.92604e-07, 6.92604e-07, 
0.020485, 0.020485, 0.0120553, 0.00679132, 0.0036627, 0.00190127, 0.000957002, 0.000467639, 0.000221135, 0.000100891, 4.43685e-05, 1.8872e-05, 7.87925e-06, 3.36885e-06, 1.61661e-06, 9.76487e-07, 7.59138e-07, 6.92494e-07, 6.75953e-07, 6.75953e-07, 
0.0214829, 0.0214829, 0.0126193, 0.00710145, 0.00383048, 0.00198994, 0.00100239, 0.000490042, 0.000231781, 0.000105749, 4.64876e-05, 1.97492e-05, 8.21847e-06, 3.48626e-06, 1.64742e-06, 9.75459e-07, 7.47206e-07, 6.77157e-07, 6.59717e-07, 6.59717e-07, 
0.0224492, 0.0224492, 0.0131661, 0.0074022, 0.00399325, 0.002076, 0.00104645, 0.000511802, 0.000242126, 0.000110471, 4.85485e-05, 2.06027e-05, 8.54865e-06, 3.60061e-06, 1.67744e-06, 9.74472e-07, 7.35586e-07, 6.62209e-07, 6.43886e-07, 6.43886e-07, 
0.0233849, 0.0233849, 0.0136961, 0.00769386, 0.00415115, 0.00215951, 0.00108923, 0.000532937, 0.000252178, 0.000115061, 5.05526e-05, 2.14331e-05, 8.87005e-06, 3.71198e-06, 1.70671e-06, 9.73525e-07, 7.24269e-07, 6.47641e-07, 6.28449e-07, 6.28449e-07, 
0.0242911, 0.0242911, 0.0142098, 0.0079767, 0.00430434, 0.00224056, 0.00113076, 0.000553464, 0.000261944, 0.000119523, 5.25017e-05, 2.2241e-05, 9.1829e-06, 3.82045e-06, 1.73524e-06, 9.72617e-07, 7.13247e-07, 6.33443e-07, 6.13396e-07, 6.13396e-07, 
0.0251686, 0.0251686, 0.0147079, 0.00825099, 0.00445295, 0.00231921, 0.00117108, 0.0005734, 0.000271434, 0.00012386, 5.43971e-05, 2.3027e-05, 9.48742e-06, 3.92608e-06, 1.76305e-06, 9.71745e-07, 7.02514e-07, 6.19605e-07, 5.98718e-07, 5.98718e-07, 
0.0260184, 0.0260184, 0.0151907, 0.00851699, 0.00459712, 0.00239555, 0.00121023, 0.000592764, 0.000280655, 0.000128077, 5.62403e-05, 2.37917e-05, 9.78383e-06, 4.02896e-06, 1.79016e-06, 9.7091e-07, 6.92061e-07, 6.06119e-07, 5.84406e-07, 5.84406e-07, 
0.0268413, 0.0268413, 0.0156587, 0.00877494, 0.00473698, 0.00246963, 0.00124824, 0.000611572, 0.000289614, 0.000132175, 5.80328e-05, 2.45357e-05, 1.00724e-05, 4.12915e-06, 1.81658e-06, 9.70108e-07, 6.81881e-07, 5.92975e-07, 5.7045e-07, 5.7045e-07, 
0.0276382, 0.0276382, 0.0161124, 0.0090251, 0.00487266, 0.00254153, 0.00128514, 0.000629838, 0.00029832, 0.000136159, 5.9776e-05, 2.52596e-05, 1.03532e-05, 4.22673e-06, 1.84233e-06, 9.6934e-07, 6.71966e-07, 5.80165e-07, 5.56842e-07, 5.56842e-07, 
0.02841, 0.02841, 0.0165523, 0.0092677, 0.00500429, 0.0026113, 0.00132096, 0.00064758, 0.000306779, 0.000140032, 6.14713e-05, 2.59639e-05, 1.06266e-05, 4.32176e-06, 1.86743e-06, 9.68604e-07, 6.62311e-07, 5.6768e-07, 5.43573e-07, 5.43573e-07, 
0.0291573, 0.0291573, 0.0169786, 0.00950296, 0.00513198, 0.00267901, 0.00135574, 0.000664812, 0.000314998, 0.000143796, 6.31199e-05, 2.66491e-05, 1.08927e-05, 4.41432e-06, 1.8919e-06, 9.67898e-07, 6.52908e-07, 5.55512e-07, 5.30634e-07, 5.30634e-07, 
0.029881, 0.029881, 0.0173919, 0.00973111, 0.00525586, 0.00274472, 0.00138951, 0.000681548, 0.000322984, 0.000147456, 6.47231e-05, 2.73157e-05, 1.11517e-05, 4.50446e-06, 1.91575e-06, 9.67223e-07, 6.43751e-07, 5.43653e-07, 5.18017e-07, 5.18017e-07, 
0.0305818, 0.0305818, 0.0177926, 0.00995236, 0.00537604, 0.0028085, 0.00142229, 0.000697803, 0.000330744, 0.000151013, 6.62822e-05, 2.79643e-05, 1.14038e-05, 4.59224e-06, 1.93899e-06, 9.66576e-07, 6.34832e-07, 5.32096e-07, 5.05715e-07, 5.05715e-07, 
0.0312604, 0.0312604, 0.018181, 0.0101669, 0.00549262, 0.00287039, 0.00145412, 0.000713591, 0.000338284, 0.000154471, 6.77985e-05, 2.85953e-05, 1.16492e-05, 4.67774e-06, 1.96165e-06, 9.65957e-07, 6.26147e-07, 5.20831e-07, 4.93719e-07, 4.93719e-07, 
0.0319176, 0.0319176, 0.0185575, 0.010375, 0.00560572, 0.00293046, 0.00148502, 0.000728925, 0.00034561, 0.000157832, 6.9273e-05, 2.92093e-05, 1.1888e-05, 4.761e-06, 1.98373e-06, 9.65364e-07, 6.17689e-07, 5.09853e-07, 4.82021e-07, 4.82021e-07, 
0.0325541, 0.0325541, 0.0189224, 0.0105768, 0.00571545, 0.00298875, 0.00151502, 0.000743819, 0.000352728, 0.000161099, 7.07069e-05, 2.98066e-05, 1.21206e-05, 4.8421e-06, 2.00526e-06, 9.64797e-07, 6.09451e-07, 4.99154e-07, 4.70615e-07, 4.70615e-07, 
0.0331704, 0.0331704, 0.0192762, 0.0107725, 0.00582189, 0.00304532, 0.00154415, 0.000758284, 0.000359645, 0.000164275, 7.21014e-05, 3.03877e-05, 1.23469e-05, 4.92107e-06, 2.02624e-06, 9.64254e-07, 6.01429e-07, 4.88726e-07, 4.59494e-07, 4.59494e-07, 
0.0337672, 0.0337672, 0.0196192, 0.0109622, 0.00592515, 0.00310022, 0.00157242, 0.000772334, 0.000366366, 0.000167362, 7.34575e-05, 3.09531e-05, 1.25672e-05, 4.99799e-06, 2.04669e-06, 9.63735e-07, 5.93616e-07, 4.78563e-07, 4.48649e-07, 4.48649e-07, 
0.0343452, 0.0343452, 0.0199517, 0.0111463, 0.00602533, 0.0031535, 0.00159988, 0.000785979, 0.000372896, 0.000170363, 7.47762e-05, 3.15032e-05, 1.27816e-05, 5.07289e-06, 2.06662e-06, 9.6324e-07, 5.86008e-07, 4.68658e-07, 4.38074e-07, 4.38074e-07, 
0.0349048, 0.0349048, 0.0202739, 0.0113247, 0.00612251, 0.00320521, 0.00162653, 0.000799233, 0.000379241, 0.00017328, 7.60587e-05, 3.20384e-05, 1.29903e-05, 5.14585e-06, 2.08605e-06, 9.62766e-07, 5.78598e-07, 4.59004e-07, 4.27763e-07, 4.27763e-07, 
0.0354468, 0.0354468, 0.0205864, 0.0114978, 0.00621679, 0.00325539, 0.00165241, 0.000812105, 0.000385406, 0.000176116, 7.73059e-05, 3.2559e-05, 1.31935e-05, 5.21689e-06, 2.10499e-06, 9.62314e-07, 5.71382e-07, 4.49596e-07, 4.17708e-07, 4.17708e-07, 
0.0359717, 0.0359717, 0.0208892, 0.0116656, 0.00630825, 0.00330409, 0.00167753, 0.000824607, 0.000391396, 0.000178872, 7.85188e-05, 3.30656e-05, 1.33912e-05, 5.28609e-06, 2.12345e-06, 9.61881e-07, 5.64354e-07, 4.40427e-07, 4.07904e-07, 4.07904e-07, 
0.03648, 0.03648, 0.0211828, 0.0118284, 0.00639698, 0.00335135, 0.00170192, 0.00083675, 0.000397217, 0.000181552, 7.96983e-05, 3.35585e-05, 1.35837e-05, 5.35347e-06, 2.14144e-06, 9.61469e-07, 5.5751e-07, 4.3149e-07, 3.98344e-07, 3.98344e-07, 
